%YAML:1.0
timestamp: "2013-06-30-20-00-02-291"
kinect_width: 640
kinect_height: 480
projector_width: 1024
projector_height: 768
ref_max_depth: 5535
measurements:
   -
      - [ 2.1421171569824219e+02, 1.7603781127929688e+02,
          1.1666020507812500e+03 ]
      - [ 2.4439987182617188e+02, 1.7551107788085938e+02,
          1.1837393798828125e+03 ]
      - [ 2.7441177368164062e+02, 1.7476426696777344e+02,
          1.1978977050781250e+03 ]
      - [ 3.0448001098632812e+02, 1.7375901794433594e+02,
          1.2172808837890625e+03 ]
      - [ 3.3462115478515625e+02, 1.7280497741699219e+02,
          1.2397186279296875e+03 ]
      - [ 3.6513888549804688e+02, 1.7146315002441406e+02,
          1.2627441406250000e+03 ]
      - [ 2.1372331237792969e+02, 2.0655848693847656e+02,
          1.1619122314453125e+03 ]
      - [ 2.4401469421386719e+02, 2.0600268554687500e+02,
          1.1786539306640625e+03 ]
      - [ 2.7417272949218750e+02, 2.0547674560546875e+02,
          1.1931778564453125e+03 ]
      - [ 3.0427648925781250e+02, 2.0452581787109375e+02, 1210. ]
      - [ 3.3440484619140625e+02, 2.0357572937011719e+02,
          1.2314366455078125e+03 ]
      - [ 3.6506640625000000e+02, 2.0237835693359375e+02,
          1.2524891357421875e+03 ]
      - [ 2.1343482971191406e+02, 2.3739349365234375e+02,
          1.1519704589843750e+03 ]
      - [ 2.4364518737792969e+02, 2.3652636718750000e+02,
          1.1709370117187500e+03 ]
      - [ 2.7371932983398438e+02, 2.3586044311523438e+02,
          1.1884766845703125e+03 ]
      - [ 3.0400646972656250e+02, 2.3537571716308594e+02,
          1.1988177490234375e+03 ]
      - [ 3.3432257080078125e+02, 2.3429611206054688e+02,
          1.2203065185546875e+03 ]
      - [ 3.6499197387695312e+02, 2.3330119323730469e+02,
          1.2426253662109375e+03 ]
      - [ 2.1294787597656250e+02, 2.6766418457031250e+02,
          1.1471728515625000e+03 ]
      - [ 2.4331680297851562e+02, 2.6742727661132812e+02,
          1.1625338134765625e+03 ]
      - [ 2.7354971313476562e+02, 2.6653015136718750e+02,
          1.1792812500000000e+03 ]
      - [ 3.0372088623046875e+02, 2.6588406372070312e+02,
          1.1931014404296875e+03 ]
      - [ 3.3420639038085938e+02, 2.6534600830078125e+02,
          1.2130378417968750e+03 ]
      - [ 3.6501766967773438e+02, 2.6437896728515625e+02,
          1.2356842041015625e+03 ]
   -
      - [ 2.2393562316894531e+02, 1.6950727844238281e+02,
          1.3870969238281250e+03 ]
      - [ 2.5384645080566406e+02, 1.6925028991699219e+02,
          1.4074276123046875e+03 ]
      - [ 2.8360385131835938e+02, 1.6845410156250000e+02,
          1.4262781982421875e+03 ]
      - [ 3.1352929687500000e+02, 1.6777603149414062e+02,
          1.4442733154296875e+03 ]
      - [ 3.4332534790039062e+02, 1.6716183471679688e+02,
          1.4614561767578125e+03 ]
      - [ 3.7368399047851562e+02, 1.6591482543945312e+02,
          1.4790700683593750e+03 ]
      - [ 2.2378599548339844e+02, 1.9996093750000000e+02,
          1.3810977783203125e+03 ]
      - [ 2.5356069946289062e+02, 1.9970043945312500e+02,
          1.4025877685546875e+03 ]
      - [ 2.8338809204101562e+02, 1.9929402160644531e+02,
          1.4126999511718750e+03 ]
      - [ 3.1323495483398438e+02, 1.9858923339843750e+02,
          1.4353477783203125e+03 ]
      - [ 3.4322787475585938e+02, 1.9773300170898438e+02,
          1.4453937988281250e+03 ]
      - [ 3.7333932495117188e+02, 1.9714685058593750e+02,
          1.4657214355468750e+03 ]
      - [ 2.2323091125488281e+02, 2.3084959411621094e+02,
          1.3670247802734375e+03 ]
      - [ 2.5346345520019531e+02, 2.3030381774902344e+02,
          1.3887827148437500e+03 ]
      - [ 2.8326049804687500e+02, 2.2977030944824219e+02,
          1.4066500244140625e+03 ]
      - [ 3.1289639282226562e+02, 2.2941683959960938e+02,
          1.4146771240234375e+03 ]
      - [ 3.4278616333007812e+02, 2.2880952453613281e+02,
          1.4343898925781250e+03 ]
      - [ 3.7342468261718750e+02, 2.2792301940917969e+02,
          1.4531046142578125e+03 ]
      - [ 2.2265173339843750e+02, 2.6154510498046875e+02,
          1.3569558105468750e+03 ]
      - [ 2.5274977111816406e+02, 2.6123425292968750e+02,
          1.3784781494140625e+03 ]
      - [ 2.8285910034179688e+02, 2.6069332885742188e+02,
          1.3909586181640625e+03 ]
      - [ 3.1269223022460938e+02, 2.6032656860351562e+02,
          1.4050024414062500e+03 ]
      - [ 3.4269741821289062e+02, 2.5966204833984375e+02,
          1.4189700927734375e+03 ]
      - [ 3.7321951293945312e+02, 2.5934912109375000e+02,
          1.4376650390625000e+03 ]
   -
      - [ 2.3162425231933594e+02, 1.6427861022949219e+02,
          1.6329891357421875e+03 ]
      - [ 2.6164068603515625e+02, 1.6383825683593750e+02,
          1.6596795654296875e+03 ]
      - [ 2.9139770507812500e+02, 1.6334986877441406e+02,
          1.6883146972656250e+03 ]
      - [ 3.2156442260742188e+02, 1.6236224365234375e+02,
          1.7244654541015625e+03 ]
      - [ 3.5158746337890625e+02, 1.6156288146972656e+02,
          1.7556501464843750e+03 ]
      - [ 3.8219500732421875e+02, 1.6017503356933594e+02,
          1.7825567626953125e+03 ]
      - [ 2.3119825744628906e+02, 1.9514094543457031e+02,
          1.6180958251953125e+03 ]
      - [ 2.6126272583007812e+02, 1.9458943176269531e+02,
          1.6506856689453125e+03 ]
      - [ 2.9129083251953125e+02, 1.9399986267089844e+02,
          1.6801950683593750e+03 ]
      - [ 3.2120663452148438e+02, 1.9334745788574219e+02,
          1.7047838134765625e+03 ]
      - [ 3.5141088867187500e+02, 1.9232254028320312e+02,
          1.7367683105468750e+03 ]
      - [ 3.8187695312500000e+02, 1.9152374267578125e+02,
          1.7681889648437500e+03 ]
      - [ 2.3100827026367188e+02, 2.2570803833007812e+02,
          1.6104827880859375e+03 ]
      - [ 2.6091836547851562e+02, 2.2532414245605469e+02,
          1.6367564697265625e+03 ]
      - [ 2.9093038940429688e+02, 2.2485379028320312e+02, 1657. ]
      - [ 3.2115771484375000e+02, 2.2400047302246094e+02,
          1.6922553710937500e+03 ]
      - [ 3.5116809082031250e+02, 2.2340762329101562e+02,
          1.7183620605468750e+03 ]
      - [ 3.8179620361328125e+02, 2.2251850891113281e+02,
          1.7555932617187500e+03 ]
      - [ 2.3036338806152344e+02, 2.5662036132812500e+02,
          1.5996970214843750e+03 ]
      - [ 2.6055535888671875e+02, 2.5618505859375000e+02, 1626. ]
      - [ 2.9062396240234375e+02, 2.5557623291015625e+02,
          1.6489335937500000e+03 ]
      - [ 3.2089916992187500e+02, 2.5516516113281250e+02,
          1.6767813720703125e+03 ]
      - [ 3.5113812255859375e+02, 2.5434707641601562e+02,
          1.6983305664062500e+03 ]
      - [ 3.8181597900390625e+02, 2.5382627868652344e+02,
          1.7354547119140625e+03 ]
   -
      - [ 2.2220109558105469e+02, 1.7079470825195312e+02,
          1.3411795654296875e+03 ]
      - [ 2.5178581237792969e+02, 1.7041662597656250e+02,
          1.3536652832031250e+03 ]
      - [ 2.8139932250976562e+02, 1.6990287780761719e+02,
          1.3647955322265625e+03 ]
      - [ 3.1099212646484375e+02, 1.6946101379394531e+02,
          1.3683197021484375e+03 ]
      - [ 3.4067282104492188e+02, 1.6885276794433594e+02,
          1.3899868164062500e+03 ]
      - [ 3.7082919311523438e+02, 1.6776773071289062e+02,
          1.4010267333984375e+03 ]
      - [ 2.2143249511718750e+02, 2.0169297790527344e+02,
          1.3168555908203125e+03 ]
      - [ 2.5102128601074219e+02, 2.0149343872070312e+02,
          1.3295115966796875e+03 ]
      - [ 2.8051208496093750e+02, 2.0134936523437500e+02,
          1.3380095214843750e+03 ]
      - [ 3.1015472412109375e+02, 2.0073010253906250e+02,
          1.3467360839843750e+03 ]
      - [ 3.3983328247070312e+02, 1.9993693542480469e+02,
          1.3587388916015625e+03 ]
      - [ 3.6982733154296875e+02, 1.9938269042968750e+02,
          1.3747174072265625e+03 ]
      - [ 2.2012718200683594e+02, 2.3283419799804688e+02,
